C I R C L E,   C Y L I N D E R,   S P H E R E,  &  C O N E   C A L C U L A T I O N S

                                      by David Butler


Object Name      Radius     Circumf        Area      Height      Volume     Slant ht
-----------      ------     -------        ----      ------      ------     --------
  2D Circle       1.000       6.283       3.142
   Cylinder       1.000       6.283      12.566       1.000       3.142
     Sphere       1.000       6.283      12.566       2.000       4.189
       Cone       1.000       6.283       7.584       1.000       1.047        1.414
    Frustum       1.000       6.283       7.259       0.500       0.916        0.707
  2D Circle       3.142      19.739      31.006
   Cylinder       3.142      19.739      81.752       1.000      31.006
     Sphere       3.142      19.739     124.025       6.283     129.879
       Cone       3.142      19.739      63.545       1.000      10.335        3.297
    Frustum       3.142      19.739      62.549       0.500       6.121        2.688
   Cylinder       3.142      19.739      64.832       0.143       4.429
     Sphere       0.071       0.449       0.064       0.143       0.002
       Cone       3.142      19.739      62.045       0.143       1.476        3.145
    Frustum       3.142      19.739      62.057       0.143       1.749        2.645
  2D Circle       3.000      18.850      28.274
   Cylinder       3.000      18.850     131.947       4.000     113.097
     Sphere       3.000      18.850     113.097       6.000     113.097
       Cone       3.000      18.850      75.398       4.000      37.699        5.000
    Frustum       3.000      18.850     117.562       4.000      95.295        4.031
  2D Circle       2.503      15.730      19.690
   Cylinder       2.503      15.730     151.283       7.114     140.074
     Sphere       2.503      15.730      78.760       5.007      65.725
       Cone       2.503      15.730      79.005       7.114      46.691        7.542
    Frustum       2.503      15.730     151.150       7.114     139.879        7.114
  2D Circle       5.810      36.505     106.048
   Cylinder       5.810      36.505     658.921      12.240    1298.026
     Sphere       5.810      36.505     424.192      11.620     821.518
       Cone       5.810      36.505     353.352      12.240     432.675       13.549
    Frustum       5.810      36.505     456.706      12.240     698.963       12.680
  2D Circle       3.894      24.465      47.632
   Cylinder       3.894      24.465     578.554      19.754     940.919
     Sphere       3.894      24.465     190.527       7.788     247.292
       Cone       3.894      24.465     293.927      19.754     313.640       20.134
    Frustum       3.894      24.465     465.046      19.754     644.300       19.803
  2D Circle      25.330     159.153    2015.674
   Cylinder      25.330     159.153    5320.328       8.099   16324.942
     Sphere      25.330     159.153    8062.695      50.660   68076.023
       Cone      25.330     159.153    4131.875       8.099    5441.647       26.593
    Frustum      25.330     159.153    4153.227       8.099    6031.731       24.224
  2D Circle      18.290     114.919    1050.938
   Cylinder      18.290     114.919    2327.579       1.964    2064.043
     Sphere      18.290     114.919    4203.754      36.580   25628.886
       Cone      18.290     114.919    2107.919       1.964     688.014       18.395
    Frustum      18.290     114.919    2109.824       1.964     794.911       15.912
  2D Circle      46.730     293.613    6860.274
   Cylinder      46.730     293.613   13724.945       0.015     102.760
     Sphere      46.730     293.613   27441.094      93.460  427440.779
       Cone      46.730     293.613   13720.547       0.015      34.253       46.730
    Frustum      46.730     293.613   13720.548       0.015      36.184       44.230
  2D Circle      15.200      95.504     725.834
   Cylinder      15.200      95.504    2998.839      16.200   11758.504
     Sphere      15.200      95.504    2903.334      30.400   14710.227
       Cone      15.200      95.504    1786.621      16.200    3919.501       22.214
    Frustum      15.200      95.504    1890.105      16.200    4670.185       20.585
  2D Circle      17.300     108.699     940.247
   Cylinder      17.300     108.699    3869.688      18.300   17206.525
     Sphere      17.300     108.699    3760.989      34.600   21688.370
       Cone      17.300     108.699    2308.928      18.300    5735.508       25.183
    Frustum      17.300     108.699    2423.887      18.300    6684.112       23.536
  2D Circle      19.400     121.894    1182.370
   Cylinder      19.400     121.894    4851.373      20.400   24120.344
     Sphere      19.400     121.894    4729.479      38.800   30583.966
       Cone      19.400     121.894    2898.131      20.400    8040.115       28.152
    Frustum      19.400     121.894    3024.605      20.400    9209.730       26.491
  2D Circle      21.500     135.088    1452.201
   Cylinder      21.500     135.088    5943.893      22.500   32674.527
     Sphere      21.500     135.088    5808.805      43.000   41629.768
       Cone      21.500     135.088    3554.228      22.500   10891.509       31.121
    Frustum      21.500     135.088    3692.247      22.500   12305.226       29.449
  2D Circle      23.600     148.283    1749.741
   Cylinder      23.600     148.283    7147.249      24.600   43043.640
     Sphere      23.600     148.283    6998.966      47.200   55058.531
       Cone      23.600     148.283    4277.219      24.600   14347.880       34.090
    Frustum      23.600     148.283    4426.805      24.600   16028.789       32.409
  2D Circle      25.700     161.478    2074.991
   Cylinder      25.700     161.478    8461.440      26.700   55402.247
     Sphere      25.700     161.478    8299.962      51.400   71103.009
       Cone      25.700     161.478    5067.106      26.700   18467.416       37.059
    Frustum      25.700     161.478    5228.273      26.700   20438.608       35.371
  2D Circle      27.800     174.673    2427.948
   Cylinder      27.800     174.673    9886.466      28.800   69924.916
     Sphere      27.800     174.673    9711.794      55.600   89995.956
       Cone      27.800     174.673    5923.888      28.800   23308.305       40.028
    Frustum      27.800     174.673    6096.650      28.800   25592.871       38.334

